"csg" :
[
  [
  {
    "type"  : "cylinder"
    "mode"  : "add"
    "rgb"   : "197 250 255"
    "bevel%": "1"
    "cone%" : "0.8"
    "r"     : "1 0 0 0 -1 -8.74228e-08 0 8.74228e-08 -1"
    "t"     : "-0.255615 -2.42486 71.7861"
    "s"     : "38.4 38.4 65.4301"
  }
  {
    "type"  : "polygon"
    "mode"  : "add"
    "rgb"   : "207 255 230"
    "blend" : "8"
    "bevel%": "1"
    "r"     : "1 0 0 0 1 0 0 0 1"
    "t"     : "-0.255615 -0.00180289 2.39871"
    "s"     : "24.576 24.576 2.14032"
    "n"     : "8"
  }
  {
    "type"  : "cylinder"
    "mode"  : "sub"
    "rgb"   : "191 226 255"
    "bevel%": "1"
    "cone%" : "0.86"
    "r"     : "1 0 0 0 -1 -8.74228e-08 0 8.74228e-08 -1"
    "t"     : "-0.255615 -3.0196 88.8173"
    "s"     : "38.4 38.4 65.4301"
  }
  {
    "type"  : "cylinder"
    "mode"  : "rep"
    "rgb"   : "232 207 255"
    "blend" : "128"
    "bevel%": "1"
    "cone%" : "0.42"
    "r"     : "1 0 0 0 -1 -8.74228e-08 0 8.74228e-08 -1"
    "t"     : "-0.255615 -2.42487 146.86"
    "s"     : "57.6 57.6 56.2099"
  }
  ]
  [
  {
    "type"  : "cube"
    "mode"  : "add"
    "rgb"   : "243 178 153"
    "r"     : "1 -1.41534e-09 1.16415e-10 1.41534e-09 1 2.49202e-09 -1.16415e-10 -2.49202e-09 1"
    "t"     : "2.21082 127.982 -0.0875387"
    "s"     : "384 384 2.16408"
  }
  ]
  [
  {
    "type"  : "cylinder"
    "mode"  : "add"
    "rgb"   : "255 195 253"
    "bevel%": "1"
    "cone%" : "0.86"
    "r"     : "1 0 0 0 -1 -8.74228e-08 0 8.74228e-08 -1"
    "t"     : "-0.255615 -3.0196 88.8173"
    "s"     : "38.4 38.4 65.4301"
  }
  {
    "type"  : "cylinder"
    "mode"  : "inter"
    "rgb"   : "255 195 253"
    "bevel%": "1"
    "cone%" : "0.8"
    "r"     : "1 0 0 0 -1 -8.74228e-08 0 8.74228e-08 -1"
    "t"     : "-0.255615 -2.42486 71.7861"
    "s"     : "38.4 38.4 60"
  }
  {
    "type"  : "polygon"
    "mode"  : "rep"
    "rgb"   : "252 254 255"
    "blend" : "1"
    "r"     : "1 0 0 0 -1 -8.74228e-08 0 8.74228e-08 -1"
    "t"     : "3.53055 -14.7957 109.466"
    "s"     : "4.66854 4.66854 24.7162"
    "n"     : "5"
  }
  ]
  [
  {
    "type"  : "cube"
    "mode"  : "add"
    "rgb"   : "231 238 243"
    "r"     : "0.987102 0.107919 0.118248 -0.0949278 0.989334 -0.110486 -0.128911 0.0978356 0.986818"
    "t"     : "-12.9083 -8.97204 133.208"
    "s"     : "7.5 7.5 7.5"
  }
  {
    "type"  : "cube"
    "mode"  : "add"
    "rgb"   : "231 238 243"
    "r"     : "0.905494 0.295591 0.304479 -0.33403 0.939008 0.0817772 -0.261735 -0.175754 0.949002"
    "t"     : "-8.48642 9.30659 135.204"
    "s"     : "7.5 7.5 7.5"
  }
  {
    "type"  : "cube"
    "mode"  : "add"
    "rgb"   : "231 238 243"
    "r"     : "0.976959 0.194031 -0.0888983 -0.1906 0.980605 0.0456615 0.0960338 -0.0276655 0.994993"
    "t"     : "13.4331 1.62593 128.698"
    "s"     : "7.5 7.5 7.5"
  }
  {
    "type"  : "cube"
    "mode"  : "rep"
    "rgb"   : "116 190 243"
    "blend" : "8"
    "r"     : "0.987102 0.107919 0.118248 -0.0949278 0.989334 -0.110486 -0.128911 0.0978356 0.986818"
    "t"     : "-13.762 -8.32411 139.743"
    "s"     : "7.5 7.5 3.41968"
  }
  {
    "type"  : "cube"
    "mode"  : "rep"
    "rgb"   : "104 185 243"
    "blend" : "15"
    "r"     : "0.905494 0.295591 0.304479 -0.33403 0.939008 0.0817772 -0.261735 -0.175754 0.949002"
    "t"     : "-10.8237 7.73714 143.678"
    "s"     : "7.5 7.5 7.5"
  }
  {
    "type"  : "cube"
    "mode"  : "rep"
    "rgb"   : "190 221 243"
    "r"     : "0.976959 0.194031 -0.0888983 -0.1906 0.980605 0.0456615 0.0960338 -0.0276655 0.994993"
    "t"     : "14.2125 1.40138 136.774"
    "s"     : "7.5 7.5 7.5"
  }
  ]
  [
  {
    "type"  : "cylinder"
    "mode"  : "add"
    "rgb"   : "255 179 102"
    "r"     : "0.379311 -0.116858 -0.91786 0.313144 0.949668 0.0085007 0.870669 -0.290647 0.396813"
    "t"     : "-24.0736 5.80866 145.992"
    "s"     : "25 25 2.69165"
  }
  {
    "type"  : "cylinder"
    "mode"  : "add"
    "rgb"   : "255 227 200"
    "r"     : "0.379311 -0.116858 -0.91786 0.313144 0.949668 0.0085007 0.870669 -0.290647 0.396813"
    "t"     : "-24.0736 5.80866 145.992"
    "s"     : "23.5 23.5 2.69165"
  }
  {
    "type"  : "cylinder"
    "mode"  : "add"
    "rgb"   : "255 179 102"
    "r"     : "0.379311 -0.116858 -0.91786 0.313144 0.949668 0.0085007 0.870669 -0.290647 0.396813"
    "t"     : "-24.0736 5.80866 145.992"
    "s"     : "20 20 2.69165"
  }
  {
    "type"  : "cylinder"
    "mode"  : "add"
    "rgb"   : "255 251 248"
    "round%": "0.35"
    "r"     : "0.379311 -0.116858 -0.91786 0.313144 0.949668 0.0085007 0.870669 -0.290647 0.396813"
    "t"     : "-24.0736 5.80866 145.992"
    "s"     : "7.5 7.5 2.69165"
  }
  {
    "type"  : "triangle"
    "mode"  : "add"
    "rgb"   : "255 227 200"
    "top_v%"  : "-1"
    "r"     : "0.379311 -0.116858 -0.91786 0.313144 0.949668 0.0085007 0.870669 -0.290647 0.396813"
    "t"     : "-28.889 -7.90679 146.461"
    "s"     : "1 5.6007 2.77368"
  }
  {
    "type"  : "triangle"
    "mode"  : "add"
    "rgb"   : "255 227 200"
    "top_v%"  : "-1"
    "r"     : "0.122807 -0.652741 -0.747561 0.476292 0.69961 -0.532628 0.870669 -0.290647 0.396813"
    "t"     : "-32.0991 -7.40322 153.873"
    "s"     : "1 5.6007 2.77368"
  }
  {
    "type"  : "triangle"
    "mode"  : "add"
    "rgb"   : "255 227 200"
    "top_v%"  : "-1"
    "r"     : "-0.188561 -0.942338 -0.276486 0.454291 0.165904 -0.875269 0.870669 -0.290647 0.396812"
    "t"     : "-32.4251 3.10987 162.289"
    "s"     : "1 5.6007 2.77368"
  }
  {
    "type"  : "triangle"
    "mode"  : "add"
    "rgb"   : "255 227 200"
    "top_v%"  : "-1"
    "r"     : "-0.480288 -0.676403 0.558393 0.10611 -0.676759 -0.728517 0.870669 -0.290647 0.396813"
    "t"     : "-27.0914 13.5254 158.215"
    "s"     : "1 5.6007 2.77368"
  }
  {
    "type"  : "triangle"
    "mode"  : "add"
    "rgb"   : "255 227 200"
    "top_v%"  : "-1"
    "r"     : "-0.487615 -0.404146 0.773885 -0.064557 -0.867289 -0.493601 0.870669 -0.290647 0.396813"
    "t"     : "-24.29 19.76 156.635"
    "s"     : "1 5.6007 2.77368"
  }
  {
    "type"  : "triangle"
    "mode"  : "add"
    "rgb"   : "255 227 200"
    "top_v%"  : "-1"
    "r"     : "-0.383416 0.099849 0.918163 -0.180658 -0.983043 0.0314635 0.905734 -0.15381 0.394953"
    "t"     : "-19.9623 19.6522 147.06"
    "s"     : "1 5.6007 2.77368"
  }
  {
    "type"  : "triangle"
    "mode"  : "add"
    "rgb"   : "255 227 200"
    "top_v%"  : "-1"
    "r"     : "-0.0467871 0.754148 0.655036 -0.489639 -0.588885 0.643014 0.870669 -0.290647 0.396813"
    "t"     : "-16.8603 15.1759 136.975"
    "s"     : "1 5.6007 2.77368"
  }
  {
    "type"  : "triangle"
    "mode"  : "add"
    "rgb"   : "255 227 200"
    "top_v%"  : "-1"
    "r"     : "0.291221 0.937657 0.189711 -0.447101 -0.0419153 0.893501 0.845749 -0.345026 0.407021"
    "t"     : "-17.7998 5.58755 132.371"
    "s"     : "1 5.6007 2.77368"
  }
  {
    "type"  : "triangle"
    "mode"  : "add"
    "rgb"   : "255 227 200"
    "top_v%"  : "-1"
    "r"     : "0.523638 0.390116 -0.757373 0.102528 0.853679 0.510609 0.845749 -0.345026 0.407021"
    "t"     : "-24.6673 -7.35593 137.516"
    "s"     : "1 5.6007 2.77368"
  }
  {
    "type"  : "triangle"
    "mode"  : "add"
    "rgb"   : "255 227 200"
    "top_v%"  : "-1"
    "r"     : "0.504748 0.764689 -0.4006 -0.173027 0.544249 0.820886 0.845749 -0.345026 0.407021"
    "t"     : "-19.8356 -2.72789 130.881"
    "s"     : "1 5.6007 2.77368"
  }
  ]
  [
  {
    "type"  : "cylinder"
    "mode"  : "add"
    "rgb"   : "239 255 254"
    "blend" : "128"
    "bevel%": "1"
    "r"     : "0.711048 -0.688067 -0.144824 -0.694431 -0.719504 0.00892804 -0.110345 0.0942221 -0.989417"
    "t"     : "17.5268 -11.7243 102.121"
    "s"     : "4.05 4.05 55.0828"
  }
  {
    "type"  : "cylinder"
    "mode"  : "add"
    "rgb"   : "239 255 254"
    "blend" : "5"
    "bevel%": "1"
    "r"     : "-0.0979182 0.0821993 -0.991794 -0.694431 -0.719504 0.00892804 -0.712866 0.689607 0.127534"
    "t"     : "50.6144 -42.8931 163.834"
    "s"     : "4.05 4.05 22.821"
  }
  {
    "type"  : "joint"
    "mode"  : "sub"
    "rgb"   : "209 223 222"
    "bevel%": "1"
    "r"     : "-0.0979182 0.0821993 -0.991794 -0.694431 -0.719504 0.00892804 -0.712866 0.689607 0.127534"
    "t"     : "57.8221 -49.8676 162.387"
    "s"     : "2.7 2.7 19.9519"
  }
  {
    "type"  : "cylinder"
    "mode"  : "rep"
    "rgb"   : "255 218 253"
    "blend" : "5"
    "bevel%": "1"
    "r"     : "-0.0979182 0.0821993 -0.991794 -0.694431 -0.719504 0.00892804 -0.712866 0.689607 0.127534"
    "t"     : "50.0923 -42.4549 158.546"
    "s"     : "4.9005 4.9005 27.6134"
  }
  {
    "type"  : "cylinder"
    "mode"  : "rep"
    "rgb"   : "255 218 253"
    "blend" : "5"
    "bevel%": "1"
    "r"     : "0.711048 -0.688067 -0.144824 -0.694431 -0.719504 0.00892804 -0.110345 0.0942221 -0.989417"
    "t"     : "20.6356 -14.7326 101.488"
    "s"     : "4.455 4.455 60.5911"
  }
  ]
  [
  {
    "type"  : "cylinder"
    "mode"  : "add"
    "rgb"   : "239 255 254"
    "r"     : "0.630418 -0.737939 -0.240874 -0.738287 -0.665845 0.107623 -0.239804 0.109987 -0.964571"
    "t"     : "23.5854 -17.1383 156.807"
    "s"     : "4.05 4.05 1.23462"
  }
  {
    "type"  : "cylinder"
    "mode"  : "add"
    "rgb"   : "239 255 254"
    "r"     : "0.596494 -0.719034 -0.35663 -0.738287 -0.665845 0.107623 -0.314845 0.199099 -0.928026"
    "t"     : "24.1916 -17.5312 158.535"
    "s"     : "4.05 4.05 1"
  }
  {
    "type"  : "cylinder"
    "mode"  : "add"
    "rgb"   : "239 255 254"
    "r"     : "0.560316 -0.694284 -0.451682 -0.738287 -0.665845 0.107623 -0.375471 0.273168 -0.885664"
    "t"     : "24.804 -17.9668 160.041"
    "s"     : "4.05 4.05 1"
  }
  {
    "type"  : "cylinder"
    "mode"  : "add"
    "rgb"   : "239 255 254"
    "r"     : "0.486604 -0.636301 -0.598614 -0.738287 -0.665845 0.107623 -0.467064 0.389579 -0.793775"
    "t"     : "25.5508 -18.591 161.302"
    "s"     : "4.05 4.05 1.13953"
  }
  {
    "type"  : "cylinder"
    "mode"  : "add"
    "rgb"   : "239 255 254"
    "r"     : "0.416865 -0.575889 -0.70326 -0.738287 -0.665845 0.107623 -0.530241 0.474344 -0.702739"
    "t"     : "26.3405 -19.2658 162.545"
    "s"     : "4.05 4.05 1"
  }
  {
    "type"  : "cylinder"
    "mode"  : "add"
    "rgb"   : "239 255 254"
    "blend" : "1"
    "r"     : "0.369065 -0.532356 -0.761832 -0.738287 -0.665845 0.107623 -0.564555 0.522731 -0.638772"
    "t"     : "27.3235 -20.1611 163.749"
    "s"     : "4.05 4.05 1"
  }
  {
    "type"  : "cylinder"
    "mode"  : "add"
    "rgb"   : "239 255 254"
    "blend" : "1"
    "r"     : "0.318457 -0.484772 -0.814605 -0.738287 -0.665845 0.107623 -0.594573 0.56714 -0.569943"
    "t"     : "28.5068 -21.2973 164.836"
    "s"     : "4.05 4.05 1"
  }
  {
    "type"  : "cylinder"
    "mode"  : "add"
    "rgb"   : "239 255 254"
    "blend" : "1"
    "r"     : "0.276206 -0.444029 -0.852378 -0.738287 -0.665845 0.107623 -0.615339 0.599574 -0.511731"
    "t"     : "29.6315 -22.4261 165.568"
    "s"     : "4.05 4.05 1"
  }
  {
    "type"  : "cylinder"
    "mode"  : "add"
    "rgb"   : "239 255 254"
    "blend" : "1"
    "r"     : "0.187879 -0.356263 -0.915302 -0.738287 -0.665845 0.107623 -0.647791 0.655536 -0.388123"
    "t"     : "30.8034 -23.6369 166.116"
    "s"     : "4.05 4.05 1"
  }
  {
    "type"  : "cylinder"
    "mode"  : "add"
    "rgb"   : "239 255 254"
    "blend" : "1"
    "r"     : "0.119137 -0.285789 -0.950858 -0.738287 -0.665845 0.107623 -0.663881 0.689184 -0.290321"
    "t"     : "31.9867 -24.8888 166.489"
    "s"     : "4.05 4.05 1"
  }
  {
    "type"  : "cylinder"
    "mode"  : "add"
    "rgb"   : "239 255 254"
    "blend" : "1"
    "r"     : "0.0373423 -0.199669 -0.979152 -0.738287 -0.665845 0.107623 -0.673452 0.718876 -0.172277"
    "t"     : "33.2146 -26.2086 166.746"
    "s"     : "4.05 4.05 1"
  }
  {
    "type"  : "cylinder"
    "mode"  : "add"
    "rgb"   : "239 255 254"
    "blend" : "1"
    "r"     : "-0.021495 -0.136255 -0.990441 -0.738287 -0.665845 0.107623 -0.674144 0.733543 -0.0862828"
    "t"     : "34.4449 -27.5696 166.766"
    "s"     : "4.05 4.05 1"
  }
  {
    "type"  : "polygon"
    "mode"  : "rep"
    "rgb"   : "255 232 253"
    "blend" : "2"
    "r"     : "0.596494 -0.719035 -0.35663 -0.390292 0.128409 -0.911693 0.701333 0.683009 -0.204038"
    "t"     : "32.0178 -26.4732 154.553"
    "s"     : "10 10 4.57312"
    "n"     : "8"
  }
  ]
]
"object" :
[
  {
    "name"  : "glass_cup"
  }
  {
    "name"  : "background"
  }
  {
    "name"  : "inner"
  }
  {
    "name"  : "ices"
  }
  {
    "name"  : "oriange"
  }
  {
  }
  {
  }
]
"palette" :
[
  "0 0 0"
  "255 255 255"
  "255 255 204"
  "255 255 153"
  "255 255 102"
  "255 255 51"
  "255 255 0"
  "255 204 255"
  "255 204 204"
  "255 204 153"
  "255 204 102"
  "255 204 51"
  "255 204 0"
  "255 153 255"
  "255 153 204"
  "255 153 153"
  "255 153 102"
  "255 153 51"
  "255 153 0"
  "255 102 255"
  "255 102 204"
  "255 102 153"
  "255 102 102"
  "255 102 51"
  "255 102 0"
  "255 51 255"
  "255 51 204"
  "255 51 153"
  "255 51 102"
  "255 51 51"
  "255 51 0"
  "255 0 255"
  "255 0 204"
  "255 0 153"
  "255 0 102"
  "255 0 51"
  "255 0 0"
  "204 255 255"
  "204 255 204"
  "204 255 153"
  "204 255 102"
  "204 255 51"
  "204 255 0"
  "204 204 255"
  "204 204 204"
  "204 204 153"
  "204 204 102"
  "204 204 51"
  "204 204 0"
  "204 153 255"
  "204 153 204"
  "204 153 153"
  "204 153 102"
  "204 153 51"
  "204 153 0"
  "204 102 255"
  "204 102 204"
  "204 102 153"
  "204 102 102"
  "204 102 51"
  "204 102 0"
  "204 51 255"
  "204 51 204"
  "204 51 153"
  "204 51 102"
  "204 51 51"
  "204 51 0"
  "204 0 255"
  "204 0 204"
  "204 0 153"
  "204 0 102"
  "204 0 51"
  "204 0 0"
  "153 255 255"
  "153 255 204"
  "153 255 153"
  "153 255 102"
  "153 255 51"
  "153 255 0"
  "153 204 255"
  "153 204 204"
  "153 204 153"
  "153 204 102"
  "153 204 51"
  "153 204 0"
  "153 153 255"
  "153 153 204"
  "153 153 153"
  "153 153 102"
  "153 153 51"
  "153 153 0"
  "153 102 255"
  "153 102 204"
  "153 102 153"
  "153 102 102"
  "153 102 51"
  "153 102 0"
  "153 51 255"
  "153 51 204"
  "153 51 153"
  "153 51 102"
  "153 51 51"
  "153 51 0"
  "153 0 255"
  "153 0 204"
  "153 0 153"
  "153 0 102"
  "153 0 51"
  "153 0 0"
  "102 255 255"
  "102 255 204"
  "102 255 153"
  "102 255 102"
  "102 255 51"
  "102 255 0"
  "102 204 255"
  "102 204 204"
  "102 204 153"
  "102 204 102"
  "102 204 51"
  "102 204 0"
  "102 153 255"
  "102 153 204"
  "102 153 153"
  "102 153 102"
  "102 153 51"
  "102 153 0"
  "102 102 255"
  "102 102 204"
  "102 102 153"
  "102 102 102"
  "102 102 51"
  "102 102 0"
  "102 51 255"
  "102 51 204"
  "102 51 153"
  "102 51 102"
  "102 51 51"
  "102 51 0"
  "102 0 255"
  "102 0 204"
  "102 0 153"
  "102 0 102"
  "102 0 51"
  "102 0 0"
  "51 255 255"
  "51 255 204"
  "51 255 153"
  "51 255 102"
  "51 255 51"
  "51 255 0"
  "51 204 255"
  "51 204 204"
  "51 204 153"
  "51 204 102"
  "51 204 51"
  "51 204 0"
  "51 153 255"
  "51 153 204"
  "51 153 153"
  "51 153 102"
  "51 153 51"
  "51 153 0"
  "51 102 255"
  "51 102 204"
  "51 102 153"
  "51 102 102"
  "51 102 51"
  "51 102 0"
  "51 51 255"
  "51 51 204"
  "51 51 153"
  "51 51 102"
  "51 51 51"
  "51 51 0"
  "51 0 255"
  "51 0 204"
  "51 0 153"
  "51 0 102"
  "51 0 51"
  "51 0 0"
  "0 255 255"
  "0 255 204"
  "0 255 153"
  "0 255 102"
  "0 255 51"
  "0 255 0"
  "0 204 255"
  "0 204 204"
  "0 204 153"
  "0 204 102"
  "0 204 51"
  "0 204 0"
  "0 153 255"
  "0 153 204"
  "0 153 153"
  "0 153 102"
  "0 153 51"
  "0 153 0"
  "0 102 255"
  "0 102 204"
  "0 102 153"
  "0 102 102"
  "0 102 51"
  "0 102 0"
  "0 51 255"
  "0 51 204"
  "0 51 153"
  "0 51 102"
  "0 51 51"
  "0 51 0"
  "0 0 255"
  "0 0 204"
  "0 0 153"
  "0 0 102"
  "0 0 51"
  "238 0 0"
  "221 0 0"
  "187 0 0"
  "170 0 0"
  "136 0 0"
  "119 0 0"
  "85 0 0"
  "68 0 0"
  "34 0 0"
  "17 0 0"
  "0 238 0"
  "0 221 0"
  "0 187 0"
  "0 170 0"
  "0 136 0"
  "0 119 0"
  "0 85 0"
  "0 68 0"
  "0 34 0"
  "0 17 0"
  "0 0 238"
  "0 0 221"
  "0 0 187"
  "0 0 170"
  "0 0 136"
  "0 0 119"
  "0 0 85"
  "0 0 68"
  "0 0 34"
  "0 0 17"
  "238 238 238"
  "221 221 221"
  "187 187 187"
  "170 170 170"
  "136 136 136"
  "119 119 119"
  "85 85 85"
  "68 68 68"
  "34 34 34"
  "17 17 17"
]
